0000100000101000
0001100100000000
0010001000000100
0010101000001000
0011001100001000
0011110000001000
0110000000001000
0000110000000000
0000110100001011
0111010100000000
0000110000000000
0000111000000000
0100011000001110
0000110000000000
0100000100011110
0100001000011110
0100100100010010
0000110000000000
0100101000010100
0000110000000000
0100101000011110
0101000100010111
0000110000000000
0101001000011110
0101011000011110
0101101000011011
0000110000000000
0101100100011110
0101111000011110
0110000000011111
0000110000000000
0000111100101001
0001000010011100
0000000000000000
0000000000000000
0000000000000000
0000000000000000
0000000000000000
0000000000000101
